{"autoClear":true,"clearColor":[0,0,0],"ambientColor":[0,0,0],"gravity":[0,-9.81,0],
"materials":[{"name":"sean.Material","id":"sean.Material","ambient":[0.8287,0.8971,0.717],"diffuse":[0.663,0.7177,0.5736],"specular":[0.5,0.5,0.5],"emissive":[0,0,0],"specularPower":50,"alpha":1,"backFaceCulling":true}],
"multiMaterials":[],
"skeletons":[{"name":"Bob","id":0,"bones":[
{"name":"Bone","index":0,"matrix":[0.65,0,0,0,0,0.65,0,0,0,0,-0.65,0,0,-2.68,0,1],"parentBoneIndex":-1,"animation":{"dataType":3,"framePerSecond":24,"keys":[{"frame":0,"values":[0.65,0,0,0,0,0.65,0,0,0,0,-0.65,0,0,-2.68,0,1]},{"frame":61,"values":[0.65,-0.0015,0.0001,0,0.0015,0.65,0.0003,0,0.0001,0.0003,-0.65,0,0,-2.68,0,1]},{"frame":62,"values":[0.6499,-0.0059,0.0004,0,0.0059,0.6499,0.0011,0,0.0004,0.0011,-0.65,0,0,-2.68,0,1]},{"frame":63,"values":[0.6498,-0.0133,0.001,0,0.0132,0.6498,0.0026,0,0.001,0.0025,-0.65,0,0,-2.68,0,1]},{"frame":64,"values":[0.6495,-0.0236,0.0017,0,0.0236,0.6495,0.0046,0,0.0019,0.0045,-0.65,0,0,-2.68,0,1]},{"frame":65,"values":[0.6489,-0.0367,0.0027,0,0.0367,0.6489,0.0072,0,0.0031,0.007,-0.6499,0,0,-2.68,0,1]},{"frame":66,"values":[0.6478,-0.0524,0.0038,0,0.0523,0.6478,0.0103,0,0.0046,0.0099,-0.6499,0,0,-2.68,0,1]},{"frame":67,"values":[0.6461,-0.0704,0.005,0,0.0702,0.646,0.0139,0,0.0064,0.0133,-0.6498,0,0,-2.68,0,1]},{"frame":68,"values":[0.6437,-0.0901,0.0062,0,0.0899,0.6435,0.0179,0,0.0086,0.0169,-0.6497,0,0,-2.68,0,1]},{"frame":69,"values":[0.6404,-0.111,0.0075,0,0.1107,0.6401,0.0222,0,0.0111,0.0206,-0.6496,0,0,-2.68,0,1]},{"frame":70,"values":[0.6363,-0.1325,0.0087,0,0.1321,0.6359,0.0267,0,0.014,0.0244,-0.6494,0,0,-2.68,0,1]},{"frame":71,"values":[0.6314,-0.1539,0.0099,0,0.1533,0.6309,0.0313,0,0.017,0.028,-0.6491,0,0,-2.68,0,1]},{"frame":72,"values":[0.626,-0.1745,0.0111,0,0.1736,0.6253,0.0357,0,0.0202,0.0315,-0.6489,0,0,-2.68,0,1]},{"frame":73,"values":[0.6204,-0.1936,0.0121,0,0.1925,0.6195,0.04,0,0.0235,0.0345,-0.6486,0,0,-2.68,0,1]},{"frame":74,"values":[0.6147,-0.2108,0.0132,0,0.2095,0.6137,0.0439,0,0.0267,0.0372,-0.6484,0,0,-2.68,0,1]},{"frame":75,"values":[0.6094,-0.2257,0.0143,0,0.2242,0.6083,0.0473,0,0.0298,0.0395,-0.6481,0,0,-2.68,0,1]},{"frame":76,"values":[0.6046,-0.238,0.0154,0,0.2363,0.6034,0.0503,0,0.0327,0.0412,-0.6478,0,0,-2.68,0,1]},{"frame":77,"values":[0.6007,-0.2477,0.0166,0,0.2457,0.5994,0.0527,0,0.0354,0.0425,-0.6476,0,0,-2.68,0,1]},{"frame":78,"values":[0.5978,-0.2545,0.0178,0,0.2524,0.5965,0.0546,0,0.0377,0.0433,-0.6474,0,0,-2.68,0,1]},{"frame":79,"values":[0.596,-0.2587,0.0191,0,0.2563,0.5947,0.0558,0,0.0397,0.0436,-0.6473,0,0,-2.68,0,1]},{"frame":80,"values":[0.5953,-0.26,0.0206,0,0.2576,0.5941,0.0564,0,0.0414,0.0435,-0.6472,0,0,-2.68,0,1]},{"frame":81,"values":[0.5966,-0.2569,0.0225,0,0.2543,0.5956,0.0558,0,0.0427,0.0424,-0.6472,0,0,-2.68,0,1]},{"frame":82,"values":[0.6006,-0.2471,0.0253,0,0.2445,0.5999,0.0533,0,0.0436,0.0397,-0.6473,0,0,-2.68,0,1]},{"frame":83,"values":[0.607,-0.2307,0.0288,0,0.2282,0.6066,0.0489,0,0.0442,0.0355,-0.6475,0,0,-2.68,0,1]},{"frame":84,"values":[0.6149,-0.208,0.0328,0,0.2058,0.6151,0.0426,0,0.0447,0.0299,-0.6477,0,0,-2.68,0,1]},{"frame":85,"values":[0.6235,-0.1798,0.037,0,0.178,0.6242,0.0347,0,0.0451,0.0232,-0.648,0,0,-2.68,0,1]},{"frame":86,"values":[0.6316,-0.1478,0.0409,0,0.1464,0.6328,0.0256,0,0.0456,0.0157,-0.6482,0,0,-2.68,0,1]},{"frame":87,"values":[0.6383,-0.1141,0.0443,0,0.1133,0.6398,0.0159,0,0.0464,0.0079,-0.6483,0,0,-2.68,0,1]},{"frame":88,"values":[0.6432,-0.0813,0.0469,0,0.0811,0.6449,0.0065,0,0.0474,0.0005,-0.6482,0,0,-2.68,0,1]},{"frame":89,"values":[0.6461,-0.0519,0.0488,0,0.0522,0.6479,-0.0021,0,0.0484,-0.006,-0.6481,0,0,-2.68,0,1]},{"frame":90,"values":[0.6475,-0.0276,0.0499,0,0.0284,0.6493,-0.0092,0,0.0495,-0.0114,-0.648,0,0,-2.68,0,1]},{"frame":91,"values":[0.6479,-0.0098,0.0506,0,0.011,0.6497,-0.0144,0,0.0504,-0.0152,-0.6478,0,0,-2.68,0,1]},{"frame":92,"values":[0.648,0.0009,0.0509,0,0.0005,0.6497,-0.0176,0,0.0509,-0.0175,-0.6477,0,0,-2.68,0,1]},{"frame":93,"values":[0.648,0.0044,0.051,0,-0.003,0.6497,-0.0186,0,0.0511,-0.0183,-0.6477,0,0,-2.68,0,1]},{"frame":101,"values":[0.6471,0.0335,0.0514,0,-0.0321,0.6489,-0.0189,0,0.0523,-0.0163,-0.6477,0,0,-2.68,0,1]},{"frame":102,"values":[0.6365,0.1207,0.0525,0,-0.1194,0.6386,-0.02,0,0.0553,-0.0099,-0.6475,0,0,-2.68,0,1]},{"frame":103,"values":[0.5967,0.2521,0.0538,0,-0.2511,0.5991,-0.0219,0,0.0581,0.0007,-0.6474,0,0,-2.68,0,1]},{"frame":104,"values":[0.5181,0.3887,0.0549,0,-0.3881,0.5208,-0.0244,0,0.0585,0.0133,-0.6472,0,0,-2.68,0,1]},{"frame":105,"values":[0.4245,0.4891,0.0553,0,-0.489,0.4274,-0.0267,0,0.0564,0.0241,-0.6471,0,0,-2.68,0,1]},{"frame":106,"values":[0.3544,0.542,0.0553,0,-0.5422,0.3574,-0.0282,0,0.0539,0.0307,-0.647,0,0,-2.68,0,1]},{"frame":107,"values":[0.3297,0.5574,0.0552,0,-0.5576,0.3327,-0.0287,0,0.0529,0.0328,-0.647,0,0,-2.68,0,1]},{"frame":121,"values":[0.3297,0.5574,0.0552,0,-0.5576,0.3327,-0.0287,0,0.0529,0.0328,-0.647,0,0,-2.68,0,1]}],"loopBehavior":1,"name":"anim","property":"_matrix"}},
{"name":"Bone.001","index":1,"matrix":[1,0,0,0,0,1,-0.0055,0,0,0.0055,1,0,0,1,0,1],"parentBoneIndex":0,"animation":{"dataType":3,"framePerSecond":24,"keys":[{"frame":0,"values":[1,0,0,0,0,1,-0.0055,0,0,0.0055,1,0,0,1,0,1]},{"frame":61,"values":[1,-0.0027,-0.0001,0,0.0027,1,-0.0055,0,0.0001,0.0055,1,0,0,1,0,1]},{"frame":62,"values":[0.9999,-0.0109,-0.0005,0,0.0109,0.9999,-0.0053,0,0.0006,0.0053,1,0,0,1,0,1]},{"frame":63,"values":[0.9997,-0.0245,-0.0012,0,0.0245,0.9997,-0.0051,0,0.0013,0.005,1,0,0,1,0,1]},{"frame":64,"values":[0.999,-0.0436,-0.0022,0,0.0436,0.999,-0.0047,0,0.0024,0.0046,1,0,0,1,0,1]},{"frame":65,"values":[0.9977,-0.0679,-0.0034,0,0.0679,0.9977,-0.0043,0,0.0037,0.0041,1,0,0,1,0,1]},{"frame":66,"values":[0.9953,-0.0969,-0.0048,0,0.0969,0.9953,-0.0039,0,0.0052,0.0034,1,0,0,1,0,1]},{"frame":67,"values":[0.9915,-0.1301,-0.0065,0,0.1301,0.9915,-0.0034,0,0.0069,0.0025,1,0,0,1,0,1]},{"frame":68,"values":[0.986,-0.1665,-0.0084,0,0.1665,0.986,-0.003,0,0.0088,0.0015,1,0,0,1,0,1]},{"frame":69,"values":[0.9787,-0.2051,-0.0105,0,0.2051,0.9787,-0.0026,0,0.0108,0.0003,0.9999,0,0,1,0,1]},{"frame":70,"values":[0.9695,-0.2446,-0.0126,0,0.2446,0.9696,-0.0022,0,0.0128,-0.0009,0.9999,0,0,1,0,1]},{"frame":71,"values":[0.9588,-0.2837,-0.0147,0,0.2837,0.9589,-0.002,0,0.0147,-0.0023,0.9999,0,0,1,0,1]},{"frame":72,"values":[0.9469,-0.3211,-0.0168,0,0.3211,0.947,-0.0018,0,0.0165,-0.0037,0.9999,0,0,1,0,1]},{"frame":73,"values":[0.9344,-0.3558,-0.0187,0,0.3558,0.9346,-0.0018,0,0.0181,-0.005,0.9998,0,0,1,0,1]},{"frame":74,"values":[0.9219,-0.3868,-0.0205,0,0.3868,0.9222,-0.0018,0,0.0196,-0.0063,0.9998,0,0,1,0,1]},{"frame":75,"values":[0.9103,-0.4135,-0.022,0,0.4135,0.9105,-0.0018,0,0.0208,-0.0075,0.9998,0,0,1,0,1]},{"frame":76,"values":[0.8999,-0.4355,-0.0233,0,0.4355,0.9002,-0.0019,0,0.0218,-0.0085,0.9997,0,0,1,0,1]},{"frame":77,"values":[0.8914,-0.4526,-0.0243,0,0.4527,0.8917,-0.002,0,0.0226,-0.0093,0.9997,0,0,1,0,1]},{"frame":78,"values":[0.8851,-0.4647,-0.025,0,0.4648,0.8854,-0.002,0,0.0231,-0.0098,0.9997,0,0,1,0,1]},{"frame":79,"values":[0.8813,-0.4719,-0.0255,0,0.472,0.8816,-0.0021,0,0.0234,-0.0102,0.9997,0,0,1,0,1]},{"frame":80,"values":[0.88,-0.4743,-0.0256,0,0.4744,0.8803,-0.0021,0,0.0235,-0.0103,0.9997,0,0,1,0,1]},{"frame":81,"values":[0.883,-0.4688,-0.0255,0,0.4689,0.8833,-0.0024,0,0.0237,-0.0099,0.9997,0,0,1,0,1]},{"frame":82,"values":[0.8917,-0.452,-0.0253,0,0.4521,0.892,-0.0032,0,0.024,-0.0085,0.9997,0,0,1,0,1]},{"frame":83,"values":[0.9054,-0.4238,-0.025,0,0.4238,0.9057,-0.0047,0,0.0246,-0.0063,0.9997,0,0,1,0,1]},{"frame":84,"values":[0.9227,-0.3846,-0.0246,0,0.3846,0.9231,-0.0067,0,0.0252,-0.0033,0.9997,0,0,1,0,1]},{"frame":85,"values":[0.9416,-0.3358,-0.0242,0,0.3357,0.9419,-0.0091,0,0.0258,0.0004,0.9997,0,0,1,0,1]},{"frame":86,"values":[0.9597,-0.2801,-0.0239,0,0.2798,0.96,-0.0119,0,0.0263,0.0047,0.9996,0,0,1,0,1]},{"frame":87,"values":[0.9749,-0.2211,-0.0238,0,0.2208,0.9752,-0.0147,0,0.0265,0.0091,0.9996,0,0,1,0,1]},{"frame":88,"values":[0.9862,-0.1636,-0.0239,0,0.1632,0.9864,-0.0175,0,0.0264,0.0133,0.9996,0,0,1,0,1]},{"frame":89,"values":[0.9934,-0.1118,-0.0241,0,0.1113,0.9936,-0.0199,0,0.0262,0.0171,0.9995,0,0,1,0,1]},{"frame":90,"values":[0.9973,-0.0691,-0.0244,0,0.0686,0.9974,-0.0219,0,0.0258,0.0202,0.9995,0,0,1,0,1]},{"frame":91,"values":[0.999,-0.0378,-0.0246,0,0.0372,0.999,-0.0234,0,0.0255,0.0225,0.9994,0,0,1,0,1]},{"frame":92,"values":[0.9995,-0.0189,-0.0248,0,0.0183,0.9995,-0.0243,0,0.0252,0.0238,0.9994,0,0,1,0,1]},{"frame":93,"values":[0.9996,-0.0127,-0.0248,0,0.0121,0.9996,-0.0246,0,0.0251,0.0242,0.9994,0,0,1,0,1]},{"frame":101,"values":[0.9996,-0.0127,-0.0248,0,0.0121,0.9996,-0.0246,0,0.0251,0.0242,0.9994,0,0,1,0,1]},{"frame":102,"values":[0.9996,-0.0127,-0.0248,0,0.0121,0.9996,-0.0246,0,0.0251,0.0242,0.9994,0,0,1,0,1]},{"frame":103,"values":[0.9996,-0.0127,-0.0248,0,0.0121,0.9996,-0.0246,0,0.0251,0.0242,0.9994,0,0,1,0,1]},{"frame":104,"values":[0.9996,-0.0127,-0.0248,0,0.0121,0.9996,-0.0246,0,0.0251,0.0242,0.9994,0,0,1,0,1]},{"frame":105,"values":[0.9996,-0.0127,-0.0248,0,0.0121,0.9996,-0.0246,0,0.0251,0.0242,0.9994,0,0,1,0,1]},{"frame":106,"values":[0.9996,-0.0127,-0.0248,0,0.0121,0.9996,-0.0246,0,0.0251,0.0242,0.9994,0,0,1,0,1]},{"frame":107,"values":[0.9996,-0.0127,-0.0248,0,0.0121,0.9996,-0.0246,0,0.0251,0.0242,0.9994,0,0,1,0,1]},{"frame":121,"values":[0.9996,-0.0127,-0.0248,0,0.0121,0.9996,-0.0246,0,0.0251,0.0242,0.9994,0,0,1,0,1]}],"loopBehavior":1,"name":"anim","property":"_matrix"}},
{"name":"Bone.002","index":2,"matrix":[-1,0,0,0,0,-0.9998,0.0207,0,0,0.0207,0.9994,0,0,4.8253,2.4761,1],"parentBoneIndex":1,"animation":{"dataType":3,"framePerSecond":24,"keys":[{"frame":0,"values":[-1,0,0,0,0,-0.9998,0.0207,0,0,0.0207,0.9994,0,0,4.8253,2.4761,1]},{"frame":2,"values":[-1,-0.0057,0,0,0.0057,-0.9998,0.0207,0,-0.0001,0.0207,0.9994,0,0,4.8253,2.4761,1]},{"frame":3,"values":[-0.9997,-0.023,0,0,0.023,-0.9995,0.0207,0,-0.0005,0.0207,0.9994,0,0,4.8253,2.4761,1]},{"frame":4,"values":[-0.9986,-0.052,-0.0001,0,0.052,-0.9984,0.0207,0,-0.0012,0.0206,0.9994,0,0,4.8253,2.4761,1]},{"frame":5,"values":[-0.9957,-0.0927,-0.0002,0,0.0926,-0.9955,0.0207,0,-0.0021,0.0206,0.9994,0,0,4.8253,2.4761,1]},{"frame":6,"values":[-0.9895,-0.1445,-0.0003,0,0.1444,-0.9893,0.0207,0,-0.0033,0.0204,0.9994,0,0,4.8253,2.4761,1]},{"frame":7,"values":[-0.9785,-0.2062,-0.0005,0,0.2062,-0.9783,0.0207,0,-0.0048,0.0202,0.9994,0,0,4.8253,2.4761,1]},{"frame":8,"values":[-0.9612,-0.276,-0.0007,0,0.2759,-0.961,0.0208,0,-0.0064,0.0198,0.9994,0,0,4.8253,2.4761,1]},{"frame":9,"values":[-0.9363,-0.3511,-0.0009,0,0.351,-0.9361,0.0209,0,-0.0082,0.0192,0.9994,0,0,4.8253,2.4761,1]},{"frame":10,"values":[-0.9037,-0.4282,-0.0012,0,0.4281,-0.9035,0.021,0,-0.0101,0.0184,0.9994,0,0,4.8253,2.4761,1]},{"frame":11,"values":[-0.8639,-0.5037,-0.0015,0,0.5036,-0.8637,0.0211,0,-0.0119,0.0175,0.9994,0,0,4.8253,2.4761,1]},{"frame":12,"values":[-0.8187,-0.5742,-0.0018,0,0.574,-0.8186,0.0213,0,-0.0137,0.0164,0.9994,0,0,4.8253,2.4761,1]},{"frame":13,"values":[-0.7708,-0.6371,-0.0021,0,0.6369,-0.7706,0.0215,0,-0.0153,0.0152,0.9994,0,0,4.8253,2.4761,1]},{"frame":14,"values":[-0.723,-0.6909,-0.0024,0,0.6907,-0.7228,0.0217,0,-0.0167,0.014,0.9993,0,0,4.8253,2.4761,1]},{"frame":15,"values":[-0.6782,-0.7349,-0.0028,0,0.7346,-0.6781,0.0219,0,-0.018,0.0128,0.9993,0,0,4.8253,2.4761,1]},{"frame":16,"values":[-0.639,-0.7692,-0.0031,0,0.769,-0.6389,0.0221,0,-0.019,0.0118,0.9993,0,0,4.8253,2.4761,1]},{"frame":17,"values":[-0.6071,-0.7946,-0.0034,0,0.7944,-0.607,0.0224,0,-0.0199,0.0108,0.9993,0,0,4.8253,2.4761,1]},{"frame":18,"values":[-0.5837,-0.8119,-0.0038,0,0.8117,-0.5837,0.0226,0,-0.0206,0.0101,0.9993,0,0,4.8253,2.4761,1]},{"frame":19,"values":[-0.5696,-0.8219,-0.0042,0,0.8216,-0.5696,0.0229,0,-0.0212,0.0096,0.9993,0,0,4.8253,2.4761,1]},{"frame":20,"values":[-0.5649,-0.8251,-0.0045,0,0.8249,-0.5649,0.0231,0,-0.0216,0.0093,0.9993,0,0,4.8253,2.4761,1]},{"frame":21,"values":[-0.5722,-0.8201,-0.0045,0,0.8198,-0.5721,0.0247,0,-0.0228,0.0105,0.9993,0,0,4.8253,2.4761,1]},{"frame":22,"values":[-0.594,-0.8044,-0.0034,0,0.8041,-0.5938,0.0292,0,-0.0255,0.0145,0.9992,0,0,4.8253,2.4761,1]},{"frame":23,"values":[-0.6302,-0.7764,-0.0017,0,0.7758,-0.6299,0.0367,0,-0.0296,0.0218,0.9989,0,0,4.8253,2.4761,1]},{"frame":24,"values":[-0.6798,-0.7334,0.0003,0,0.7326,-0.679,0.0475,0,-0.0346,0.0325,0.9985,0,0,4.8253,2.4761,1]},{"frame":25,"values":[-0.7403,-0.6722,0.0021,0,0.6711,-0.7388,0.0617,0,-0.04,0.0471,0.9977,0,0,4.8253,2.4761,1]},{"frame":26,"values":[-0.8078,-0.5895,0.0026,0,0.5878,-0.8051,0.0795,0,-0.0448,0.0657,0.9964,0,0,4.8253,2.4761,1]},{"frame":27,"values":[-0.8757,-0.4829,0.0008,0,0.4805,-0.8712,0.1004,0,-0.0478,0.0883,0.9945,0,0,4.8253,2.4761,1]},{"frame":28,"values":[-0.9359,-0.3524,-0.0043,0,0.3492,-0.9289,0.1236,0,-0.0476,0.1142,0.9919,0,0,4.8253,2.4761,1]},{"frame":29,"values":[-0.9793,-0.2019,-0.0136,0,0.1978,-0.969,0.1478,0,-0.043,0.1421,0.9885,0,0,4.8253,2.4761,1]},{"frame":30,"values":[-0.9988,-0.0397,-0.0272,0,0.0345,-0.9847,0.171,0,-0.0336,0.1699,0.9845,0,0,4.8253,2.4761,1]},{"frame":31,"values":[-0.9914,0.1231,-0.0444,0,-0.1294,-0.9729,0.1916,0,-0.0196,0.1958,0.98,0,0,4.8253,2.4761,1]},{"frame":32,"values":[-0.9592,0.2754,-0.0638,0,-0.2827,-0.9363,0.2084,0,-0.0024,0.218,0.9755,0,0,4.8253,2.4761,1]},{"frame":33,"values":[-0.9089,0.4086,-0.0838,0,-0.4168,-0.8818,0.2208,0,0.0163,0.2356,0.9713,0,0,4.8253,2.4761,1]},{"frame":34,"values":[-0.849,0.5184,-0.1026,0,-0.5273,-0.8182,0.2291,0,0.0348,0.2487,0.9675,0,0,4.8253,2.4761,1]},{"frame":35,"values":[-0.7878,0.6043,-0.1193,0,-0.6138,-0.7539,0.2342,0,0.0516,0.2578,0.9644,0,0,4.8253,2.4761,1]},{"frame":36,"values":[-0.7319,0.6683,-0.133,0,-0.6782,-0.6956,0.237,0,0.0659,0.2638,0.9619,0,0,4.8253,2.4761,1]},{"frame":37,"values":[-0.6856,0.7136,-0.1436,0,-0.7238,-0.6475,0.2383,0,0.0771,0.2675,0.9601,0,0,4.8253,2.4761,1]},{"frame":38,"values":[-0.6516,0.7434,-0.1511,0,-0.7538,-0.6121,0.2388,0,0.085,0.2696,0.9588,0,0,4.8253,2.4761,1]},{"frame":39,"values":[-0.6309,0.7601,-0.1555,0,-0.7706,-0.5908,0.2389,0,0.0898,0.2707,0.9581,0,0,4.8253,2.4761,1]},{"frame":40,"values":[-0.624,0.7655,-0.1569,0,-0.776,-0.5837,0.2389,0,0.0913,0.271,0.9578,0,0,4.8253,2.4761,1]},{"frame":41,"values":[-0.6309,0.7601,-0.1555,0,-0.7706,-0.5908,0.2389,0,0.0898,0.2706,0.9581,0,0,4.8253,2.4761,1]},{"frame":42,"values":[-0.6516,0.7434,-0.151,0,-0.7538,-0.6121,0.2388,0,0.0851,0.2695,0.9588,0,0,4.8253,2.4761,1]},{"frame":43,"values":[-0.6856,0.7136,-0.1435,0,-0.7238,-0.6475,0.2384,0,0.0772,0.2674,0.9601,0,0,4.8253,2.4761,1]},{"frame":44,"values":[-0.7319,0.6683,-0.1327,0,-0.6782,-0.6956,0.2371,0,0.0662,0.2637,0.9619,0,0,4.8253,2.4761,1]},{"frame":45,"values":[-0.7878,0.6043,-0.1188,0,-0.6137,-0.7539,0.2344,0,0.0521,0.2577,0.9644,0,0,4.8253,2.4761,1]},{"frame":46,"values":[-0.849,0.5185,-0.102,0,-0.5272,-0.8182,0.2293,0,0.0354,0.2485,0.9676,0,0,4.8253,2.4761,1]},{"frame":47,"values":[-0.9089,0.4087,-0.0829,0,-0.4167,-0.8818,0.2209,0,0.0172,0.2354,0.9713,0,0,4.8253,2.4761,1]},{"frame":48,"values":[-0.9592,0.2755,-0.0628,0,-0.2826,-0.9363,0.2085,0,-0.0013,0.2178,0.9756,0,0,4.8253,2.4761,1]},{"frame":49,"values":[-0.9914,0.1232,-0.0431,0,-0.1293,-0.9729,0.1917,0,-0.0183,0.1957,0.9801,0,0,4.8253,2.4761,1]},{"frame":50,"values":[-0.9989,-0.0396,-0.0257,0,0.0346,-0.9847,0.171,0,-0.0321,0.17,0.9845,0,0,4.8253,2.4761,1]},{"frame":51,"values":[-0.9794,-0.2018,-0.012,0,0.1979,-0.969,0.1476,0,-0.0414,0.1422,0.9886,0,0,4.8253,2.4761,1]},{"frame":52,"values":[-0.9359,-0.3522,-0.0026,0,0.3492,-0.9289,0.1233,0,-0.0459,0.1145,0.9919,0,0,4.8253,2.4761,1]},{"frame":53,"values":[-0.8757,-0.4828,0.0025,0,0.4806,-0.8712,0.1,0,-0.0461,0.0888,0.9946,0,0,4.8253,2.4761,1]},{"frame":54,"values":[-0.8078,-0.5894,0.0042,0,0.5879,-0.8051,0.079,0,-0.0432,0.0662,0.9965,0,0,4.8253,2.4761,1]},{"frame":55,"values":[-0.7404,-0.6722,0.0035,0,0.6711,-0.7388,0.0612,0,-0.0386,0.0476,0.9977,0,0,4.8253,2.4761,1]},{"frame":56,"values":[-0.6798,-0.7334,0.0016,0,0.7326,-0.679,0.0469,0,-0.0334,0.033,0.9985,0,0,4.8253,2.4761,1]},{"frame":57,"values":[-0.6302,-0.7764,-0.0007,0,0.7759,-0.6299,0.0362,0,-0.0286,0.0222,0.9989,0,0,4.8253,2.4761,1]},{"frame":58,"values":[-0.594,-0.8044,-0.0027,0,0.8041,-0.5938,0.0288,0,-0.0248,0.0149,0.9992,0,0,4.8253,2.4761,1]},{"frame":59,"values":[-0.5722,-0.8201,-0.0041,0,0.8198,-0.5721,0.0245,0,-0.0224,0.0107,0.9993,0,0,4.8253,2.4761,1]},{"frame":60,"values":[-0.5649,-0.8251,-0.0045,0,0.8249,-0.5649,0.0231,0,-0.0216,0.0093,0.9993,0,0,4.8253,2.4761,1]},{"frame":61,"values":[-0.5719,-0.8203,-0.0049,0,0.82,-0.5719,0.0235,0,-0.0221,0.0094,0.9993,0,0,4.8253,2.4761,1]},{"frame":62,"values":[-0.593,-0.8052,-0.006,0,0.8049,-0.5929,0.0247,0,-0.0234,0.0098,0.9993,0,0,4.8253,2.4761,1]},{"frame":63,"values":[-0.6278,-0.7783,-0.0079,0,0.778,-0.6278,0.0266,0,-0.0257,0.0105,0.9992,0,0,4.8253,2.4761,1]},{"frame":64,"values":[-0.6754,-0.7374,-0.0108,0,0.7369,-0.6754,0.0292,0,-0.0289,0.0117,0.9991,0,0,4.8253,2.4761,1]},{"frame":65,"values":[-0.7335,-0.6795,-0.0149,0,0.6789,-0.7335,0.0324,0,-0.0329,0.0136,0.999,0,0,4.8253,2.4761,1]},{"frame":66,"values":[-0.7983,-0.6019,-0.0202,0,0.601,-0.7984,0.0358,0,-0.0377,0.0164,0.9987,0,0,4.8253,2.4761,1]},{"frame":67,"values":[-0.8642,-0.5024,-0.0269,0,0.5013,-0.8644,0.0391,0,-0.0429,0.0203,0.9985,0,0,4.8253,2.4761,1]},{"frame":68,"values":[-0.9238,-0.3813,-0.0348,0,0.3799,-0.9241,0.0418,0,-0.0481,0.0254,0.9981,0,0,4.8253,2.4761,1]},{"frame":69,"values":[-0.9693,-0.2419,-0.0438,0,0.24,-0.9698,0.0435,0,-0.053,0.0317,0.9977,0,0,4.8253,2.4761,1]},{"frame":70,"values":[-0.9944,-0.091,-0.0533,0,0.0887,-0.9951,0.0439,0,-0.0571,0.0389,0.9972,0,0,4.8253,2.4761,1]},{"frame":71,"values":[-0.9961,0.062,-0.0628,0,-0.0648,-0.997,0.0428,0,-0.06,0.0467,0.9967,0,0,4.8253,2.4761,1]},{"frame":72,"values":[-0.9757,0.2073,-0.0716,0,-0.2105,-0.9768,0.0404,0,-0.0616,0.0545,0.9962,0,0,4.8253,2.4761,1]},{"frame":73,"values":[-0.9382,0.3369,-0.0794,0,-0.3406,-0.9395,0.0371,0,-0.0621,0.0618,0.9957,0,0,4.8253,2.4761,1]},{"frame":74,"values":[-0.8907,0.4464,-0.0858,0,-0.4503,-0.8922,0.0333,0,-0.0617,0.0683,0.9953,0,0,4.8253,2.4761,1]},{"frame":75,"values":[-0.8405,0.5342,-0.0908,0,-0.5385,-0.8421,0.0295,0,-0.0607,0.0737,0.995,0,0,4.8253,2.4761,1]},{"frame":76,"values":[-0.7934,0.6014,-0.0946,0,-0.6058,-0.7952,0.0261,0,-0.0596,0.078,0.9948,0,0,4.8253,2.4761,1]},{"frame":77,"values":[-0.7537,0.65,-0.0973,0,-0.6546,-0.7556,0.0232,0,-0.0584,0.0812,0.9946,0,0,4.8253,2.4761,1]},{"frame":78,"values":[-0.7241,0.6826,-0.0991,0,-0.6873,-0.726,0.0212,0,-0.0575,0.0834,0.9944,0,0,4.8253,2.4761,1]},{"frame":79,"values":[-0.706,0.7011,-0.1001,0,-0.7059,-0.708,0.0199,0,-0.0569,0.0847,0.9944,0,0,4.8253,2.4761,1]},{"frame":80,"values":[-0.6999,0.7071,-0.1004,0,-0.7119,-0.702,0.0195,0,-0.0567,0.0851,0.9943,0,0,4.8253,2.4761,1]},{"frame":81,"values":[-0.7023,0.706,-0.0912,0,-0.7086,-0.7056,-0.0044,0,-0.0675,0.0616,0.9954,0,0,4.8253,2.4761,1]},{"frame":82,"values":[-0.71,0.7014,-0.0628,0,-0.6969,-0.7127,-0.0797,0,-0.1007,-0.0129,0.9944,0,0,4.8253,2.4761,1]},{"frame":83,"values":[-0.7251,0.6885,-0.0131,0,-0.6704,-0.7101,-0.215,0,-0.1574,-0.1472,0.9761,0,0,4.8253,2.4761,1]},{"frame":84,"values":[-0.7514,0.6573,0.0575,0,-0.6164,-0.6682,-0.4164,0,-0.2354,-0.3484,0.9069,0,0,4.8253,2.4761,1]},{"frame":85,"values":[-0.7937,0.5919,0.14,0,-0.5172,-0.5356,-0.6672,0,-0.3201,-0.6023,0.731,0,0,4.8253,2.4761,1]},{"frame":86,"values":[-0.8526,0.4796,0.2073,0,-0.3634,-0.2591,-0.8945,0,-0.3754,-0.8384,0.3951,0,0,4.8253,2.4761,1]},{"frame":87,"values":[-0.9164,0.3339,0.2207,0,-0.1814,0.1453,-0.9722,0,-0.3568,-0.9313,-0.0725,0,0,4.8253,2.4761,1]},{"frame":88,"values":[-0.965,0.2007,0.1687,0,-0.0312,0.5512,-0.8335,0,-0.2603,-0.8099,-0.5254,0,0,4.8253,2.4761,1]},{"frame":89,"values":[-0.9897,0.1155,0.0849,0,0.0499,0.8328,-0.5511,0,-0.1344,-0.5414,-0.8296,0,0,4.8253,2.4761,1]},{"frame":90,"values":[-0.997,0.077,0.0085,0,0.0727,0.9678,-0.2408,0,-0.0268,-0.2395,-0.9701,0,0,4.8253,2.4761,1]},{"frame":91,"values":[-0.9969,0.0663,-0.0432,0,0.0648,0.9973,0.035,0,0.0454,0.0321,-0.998,0,0,4.8253,2.4761,1]},{"frame":92,"values":[-0.9954,0.0668,-0.0687,0,0.0465,0.9636,0.2633,0,0.0838,0.259,-0.9618,0,0,4.8253,2.4761,1]},{"frame":93,"values":[-0.9951,0.0687,-0.0716,0,0.0291,0.892,0.4509,0,0.0949,0.4468,-0.8892,0,0,4.8253,2.4761,1]},{"frame":94,"values":[-0.9955,0.0679,-0.0664,0,0.0082,0.7585,0.6513,0,0.0946,0.6481,-0.7554,0,0,4.8253,2.4761,1]},{"frame":95,"values":[-0.9958,0.0649,-0.0652,0,-0.0269,0.4723,0.8807,0,0.0879,0.8791,-0.4684,0,0,4.8253,2.4761,1]},{"frame":96,"values":[-0.9958,0.0603,-0.0686,0,-0.0701,-0.0238,0.9968,0,0.0585,0.9979,0.0279,0,0,4.8253,2.4761,1]},{"frame":97,"values":[-0.9955,0.0558,-0.0761,0,-0.0944,-0.5677,0.8175,0,0.0024,0.8213,0.5702,0,0,4.8253,2.4761,1]},{"frame":98,"values":[-0.9951,0.0513,-0.085,0,-0.0851,-0.8814,0.4645,0,-0.0511,0.4696,0.881,0,0,4.8253,2.4761,1]},{"frame":99,"values":[-0.9947,0.0435,-0.0936,0,-0.0619,-0.9771,0.2037,0,-0.0826,0.2085,0.9741,0,0,4.8253,2.4761,1]},{"frame":100,"values":[-0.9944,0.0292,-0.1015,0,-0.0412,-0.9921,0.1184,0,-0.0973,0.1219,0.9873,0,0,4.8253,2.4761,1]},{"frame":101,"values":[-0.9924,-0.064,-0.1047,0,0.0504,-0.9906,0.1275,0,-0.1119,0.1213,0.9859,0,0,4.8253,2.4761,1]},{"frame":102,"values":[-0.9438,-0.3164,-0.0951,0,0.3001,-0.9415,0.1536,0,-0.1382,0.1164,0.9831,0,0,4.8253,2.4761,1]},{"frame":103,"values":[-0.7321,-0.6785,-0.061,0,0.6592,-0.7282,0.1875,0,-0.1717,0.097,0.98,0,0,4.8253,2.4761,1]},{"frame":104,"values":[-0.3201,-0.9474,-0.0052,0,0.9271,-0.3143,0.2042,0,-0.1951,0.0606,0.9785,0,0,4.8253,2.4761,1]},{"frame":105,"values":[0.0877,-0.9952,0.0437,0,0.9761,0.0946,0.1955,0,-0.1987,0.0255,0.9793,0,0,4.8253,2.4761,1]},{"frame":106,"values":[0.3257,-0.9429,0.0697,0,0.9254,0.333,0.1809,0,-0.1939,0.0056,0.9806,0,0,4.8253,2.4761,1]},{"frame":107,"values":[0.397,-0.9146,0.0771,0,0.8977,0.4044,0.175,0,-0.1913,-0.0003,0.9811,0,0,4.8253,2.4761,1]},{"frame":121,"values":[0.397,-0.9146,0.0771,0,0.8977,0.4044,0.175,0,-0.1913,-0.0003,0.9811,0,0,4.8253,2.4761,1]}],"loopBehavior":1,"name":"anim","property":"_matrix"}},
{"name":"Bone.004","index":3,"matrix":[-1,0,0,0,0,-1,0.0052,0,0,0.0052,1.0015,0,0,-2.0292,0.608,1],"parentBoneIndex":1,"animation":{"dataType":3,"framePerSecond":24,"keys":[{"frame":0,"values":[-1,0,0,0,0,-1,0.0052,0,0,0.0052,1.0015,0,0,-2.0292,0.608,1]},{"frame":2,"values":[-1,0.0043,0,0,-0.0043,-1,0.0052,0,0,0.0052,1.0015,0,0,-2.0292,0.608,1]},{"frame":3,"values":[-0.9998,0.0175,-0.0001,0,-0.0175,-0.9998,0.0052,0,0,0.0052,1.0015,0,0,-2.0292,0.608,1]},{"frame":4,"values":[-0.9992,0.0396,-0.0002,0,-0.0396,-0.9992,0.0052,0,0,0.0052,1.0015,0,0,-2.0292,0.608,1]},{"frame":5,"values":[-0.9975,0.0704,-0.0003,0,-0.0704,-0.9975,0.0051,0,0.0001,0.0052,1.0015,0,0,-2.0292,0.608,1]},{"frame":6,"values":[-0.994,0.1096,-0.0004,0,-0.1096,-0.994,0.0051,0,0.0001,0.0052,1.0015,0,0,-2.0292,0.608,1]},{"frame":7,"values":[-0.9877,0.1563,-0.0006,0,-0.1563,-0.9877,0.0051,0,0.0002,0.0052,1.0015,0,0,-2.0292,0.608,1]},{"frame":8,"values":[-0.9779,0.2092,-0.0007,0,-0.2092,-0.9779,0.0051,0,0.0003,0.0051,1.0015,0,0,-2.0292,0.608,1]},{"frame":9,"values":[-0.9638,0.2665,-0.0008,0,-0.2665,-0.9638,0.005,0,0.0005,0.0051,1.0015,0,0,-2.0292,0.608,1]},{"frame":10,"values":[-0.9454,0.3259,-0.0009,0,-0.3259,-0.9454,0.005,0,0.0008,0.005,1.0015,0,0,-2.0292,0.608,1]},{"frame":11,"values":[-0.9228,0.3852,-0.0009,0,-0.3852,-0.9228,0.005,0,0.0011,0.0049,1.0015,0,0,-2.0292,0.608,1]},{"frame":12,"values":[-0.8971,0.4419,-0.0008,0,-0.4419,-0.8971,0.005,0,0.0015,0.0048,1.0015,0,0,-2.0292,0.608,1]},{"frame":13,"values":[-0.8695,0.494,-0.0006,0,-0.494,-0.8694,0.005,0,0.002,0.0046,1.0015,0,0,-2.0292,0.608,1]},{"frame":14,"values":[-0.8416,0.54,-0.0003,0,-0.54,-0.8416,0.0051,0,0.0025,0.0044,1.0015,0,0,-2.0292,0.608,1]},{"frame":15,"values":[-0.8153,0.5791,0.0001,0,-0.5791,-0.8153,0.0052,0,0.0031,0.0042,1.0015,0,0,-2.0292,0.608,1]},{"frame":16,"values":[-0.7919,0.6107,0.0006,0,-0.6107,-0.7918,0.0054,0,0.0038,0.0039,1.0015,0,0,-2.0292,0.608,1]},{"frame":17,"values":[-0.7726,0.6349,0.0013,0,-0.6349,-0.7726,0.0056,0,0.0045,0.0036,1.0015,0,0,-2.0292,0.608,1]},{"frame":18,"values":[-0.7584,0.6518,0.002,0,-0.6518,-0.7584,0.0059,0,0.0053,0.0032,1.0015,0,0,-2.0292,0.608,1]},{"frame":19,"values":[-0.7498,0.6617,0.0028,0,-0.6617,-0.7498,0.0062,0,0.0062,0.0028,1.0015,0,0,-2.0292,0.608,1]},{"frame":20,"values":[-0.7469,0.665,0.0037,0,-0.6649,-0.7469,0.0066,0,0.0071,0.0025,1.0015,0,0,-2.0292,0.608,1]},{"frame":21,"values":[-0.7516,0.6596,0.0049,0,-0.6595,-0.7517,0.0067,0,0.0081,0.0018,1.0015,0,0,-2.0292,0.608,1]},{"frame":22,"values":[-0.7659,0.6429,0.0068,0,-0.6429,-0.7659,0.0065,0,0.0094,0.0006,1.0015,0,0,-2.0292,0.608,1]},{"frame":23,"values":[-0.7892,0.6141,0.0092,0,-0.6141,-0.7892,0.0058,0,0.0109,-0.0011,1.0015,0,0,-2.0292,0.608,1]},{"frame":24,"values":[-0.8202,0.5719,0.0123,0,-0.5719,-0.8203,0.0045,0,0.0126,-0.0033,1.0015,0,0,-2.0292,0.608,1]},{"frame":25,"values":[-0.8571,0.5149,0.0158,0,-0.5149,-0.8572,0.0026,0,0.0148,-0.0059,1.0014,0,0,-2.0292,0.608,1]},{"frame":26,"values":[-0.8967,0.4422,0.0196,0,-0.4422,-0.8969,-0.0002,0,0.0175,-0.0088,1.0014,0,0,-2.0292,0.608,1]},{"frame":27,"values":[-0.9351,0.3535,0.0237,0,-0.3537,-0.9354,-0.0038,0,0.0208,-0.0119,1.0013,0,0,-2.0292,0.608,1]},{"frame":28,"values":[-0.9678,0.2503,0.0276,0,-0.2506,-0.9681,-0.0083,0,0.0246,-0.0149,1.0011,0,0,-2.0292,0.608,1]},{"frame":29,"values":[-0.9903,0.1357,0.0311,0,-0.1361,-0.9906,-0.0137,0,0.0289,-0.0177,1.001,0,0,-2.0292,0.608,1]},{"frame":30,"values":[-0.9993,0.0147,0.034,0,-0.0153,-0.9997,-0.0196,0,0.0336,-0.02,1.0008,0,0,-2.0292,0.608,1]},{"frame":31,"values":[-0.9937,-0.1065,0.0361,0,0.1056,-0.9941,-0.0258,0,0.0385,-0.0218,1.0006,0,0,-2.0292,0.608,1]},{"frame":32,"values":[-0.9744,-0.2218,0.0373,0,0.2206,-0.9748,-0.032,0,0.0434,-0.0229,1.0003,0,0,-2.0292,0.608,1]},{"frame":33,"values":[-0.9446,-0.3259,0.0377,0,0.3246,-0.9451,-0.0379,0,0.0479,-0.0235,1.0001,0,0,-2.0292,0.608,1]},{"frame":34,"values":[-0.9087,-0.4157,0.0375,0,0.4141,-0.9092,-0.0431,0,0.0519,-0.0235,0.9999,0,0,-2.0292,0.608,1]},{"frame":35,"values":[-0.8712,-0.4896,0.0369,0,0.4879,-0.8716,-0.0475,0,0.0553,-0.0233,0.9997,0,0,-2.0292,0.608,1]},{"frame":36,"values":[-0.8359,-0.5477,0.0361,0,0.5458,-0.8364,-0.051,0,0.0581,-0.0229,0.9996,0,0,-2.0292,0.608,1]},{"frame":37,"values":[-0.806,-0.5908,0.0353,0,0.5888,-0.8065,-0.0538,0,0.0602,-0.0225,0.9995,0,0,-2.0292,0.608,1]},{"frame":38,"values":[-0.7836,-0.6203,0.0347,0,0.6182,-0.784,-0.0556,0,0.0616,-0.0221,0.9994,0,0,-2.0292,0.608,1]},{"frame":39,"values":[-0.7698,-0.6374,0.0343,0,0.6352,-0.7703,-0.0568,0,0.0625,-0.0218,0.9993,0,0,-2.0292,0.608,1]},{"frame":40,"values":[-0.7652,-0.6429,0.0341,0,0.6407,-0.7656,-0.0571,0,0.0628,-0.0218,0.9993,0,0,-2.0292,0.608,1]},{"frame":41,"values":[-0.7698,-0.6374,0.0342,0,0.6352,-0.7703,-0.0568,0,0.0625,-0.0219,0.9993,0,0,-2.0292,0.608,1]},{"frame":42,"values":[-0.7836,-0.6203,0.0345,0,0.6182,-0.7841,-0.0557,0,0.0615,-0.0223,0.9994,0,0,-2.0292,0.608,1]},{"frame":43,"values":[-0.8061,-0.5907,0.0349,0,0.5887,-0.8066,-0.054,0,0.0599,-0.0229,0.9995,0,0,-2.0292,0.608,1]},{"frame":44,"values":[-0.8361,-0.5475,0.0353,0,0.5456,-0.8365,-0.0515,0,0.0576,-0.0237,0.9996,0,0,-2.0292,0.608,1]},{"frame":45,"values":[-0.8714,-0.4893,0.0356,0,0.4876,-0.8717,-0.0482,0,0.0545,-0.0245,0.9997,0,0,-2.0292,0.608,1]},{"frame":46,"values":[-0.9089,-0.4154,0.0357,0,0.4138,-0.9093,-0.0441,0,0.0507,-0.0252,0.9999,0,0,-2.0292,0.608,1]},{"frame":47,"values":[-0.9448,-0.3256,0.0355,0,0.3242,-0.9452,-0.0393,0,0.0462,-0.0256,1.0001,0,0,-2.0292,0.608,1]},{"frame":48,"values":[-0.9746,-0.2215,0.0346,0,0.2203,-0.9748,-0.034,0,0.0412,-0.0255,1.0004,0,0,-2.0292,0.608,1]},{"frame":49,"values":[-0.9938,-0.1064,0.033,0,0.1055,-0.994,-0.0284,0,0.0358,-0.0247,1.0006,0,0,-2.0292,0.608,1]},{"frame":50,"values":[-0.9994,0.0146,0.0307,0,-0.0153,-0.9996,-0.0227,0,0.0304,-0.0231,1.0008,0,0,-2.0292,0.608,1]},{"frame":51,"values":[-0.9904,0.1354,0.0278,0,-0.1359,-0.9906,-0.0173,0,0.0251,-0.0208,1.001,0,0,-2.0292,0.608,1]},{"frame":52,"values":[-0.968,0.2497,0.0243,0,-0.2501,-0.9681,-0.0124,0,0.0204,-0.018,1.0012,0,0,-2.0292,0.608,1]},{"frame":53,"values":[-0.9355,0.3528,0.0206,0,-0.353,-0.9356,-0.0081,0,0.0164,-0.0148,1.0013,0,0,-2.0292,0.608,1]},{"frame":54,"values":[-0.8972,0.4413,0.0169,0,-0.4414,-0.8973,-0.0045,0,0.0131,-0.0114,1.0014,0,0,-2.0292,0.608,1]},{"frame":55,"values":[-0.8577,0.514,0.0134,0,-0.5141,-0.8578,-0.0015,0,0.0107,-0.0081,1.0015,0,0,-2.0292,0.608,1]},{"frame":56,"values":[-0.8209,0.571,0.0103,0,-0.5711,-0.8209,0.0008,0,0.0089,-0.0051,1.0015,0,0,-2.0292,0.608,1]},{"frame":57,"values":[-0.7897,0.6134,0.0077,0,-0.6134,-0.7898,0.0027,0,0.0077,-0.0025,1.0015,0,0,-2.0292,0.608,1]},{"frame":58,"values":[-0.7664,0.6424,0.0057,0,-0.6424,-0.7664,0.0043,0,0.0071,-0.0004,1.0015,0,0,-2.0292,0.608,1]},{"frame":59,"values":[-0.7519,0.6593,0.0044,0,-0.6592,-0.7519,0.0055,0,0.0069,0.0013,1.0015,0,0,-2.0292,0.608,1]},{"frame":60,"values":[-0.7469,0.665,0.0037,0,-0.6649,-0.7469,0.0066,0,0.0071,0.0025,1.0015,0,0,-2.0292,0.608,1]},{"frame":61,"values":[-0.752,0.6592,0.0036,0,-0.6591,-0.752,0.0076,0,0.0077,0.0033,1.0015,0,0,-2.0292,0.608,1]},{"frame":62,"values":[-0.7679,0.6406,0.0041,0,-0.6405,-0.7679,0.0087,0,0.0087,0.0041,1.0015,0,0,-2.0292,0.608,1]},{"frame":63,"values":[-0.7939,0.608,0.0053,0,-0.6079,-0.7939,0.0099,0,0.0102,0.0047,1.0015,0,0,-2.0292,0.608,1]},{"frame":64,"values":[-0.8287,0.5596,0.0072,0,-0.5595,-0.8287,0.0112,0,0.0122,0.0053,1.0015,0,0,-2.0292,0.608,1]},{"frame":65,"values":[-0.8697,0.4935,0.0098,0,-0.4934,-0.8697,0.0124,0,0.0147,0.006,1.0014,0,0,-2.0292,0.608,1]},{"frame":66,"values":[-0.9128,0.4082,0.0134,0,-0.408,-0.9129,0.0134,0,0.0177,0.0068,1.0014,0,0,-2.0292,0.608,1]},{"frame":67,"values":[-0.9528,0.3031,0.0178,0,-0.3028,-0.9529,0.014,0,0.0211,0.0079,1.0013,0,0,-2.0292,0.608,1]},{"frame":68,"values":[-0.9834,0.1799,0.0229,0,-0.1796,-0.9836,0.0139,0,0.0249,0.0095,1.0012,0,0,-2.0292,0.608,1]},{"frame":69,"values":[-0.9987,0.0432,0.0285,0,-0.0429,-0.999,0.0129,0,0.029,0.0117,1.0011,0,0,-2.0292,0.608,1]},{"frame":70,"values":[-0.9944,-0.0999,0.0343,0,0.1004,-0.9949,0.011,0,0.033,0.0144,1.0009,0,0,-2.0292,0.608,1]},{"frame":71,"values":[-0.9697,-0.241,0.0401,0,0.2415,-0.9704,0.0081,0,0.0369,0.0176,1.0007,0,0,-2.0292,0.608,1]},{"frame":72,"values":[-0.9272,-0.3717,0.0454,0,0.3723,-0.9281,0.0045,0,0.0404,0.0211,1.0005,0,0,-2.0292,0.608,1]},{"frame":73,"values":[-0.8725,-0.486,0.0502,0,0.4866,-0.8736,0.0005,0,0.0436,0.0248,1.0003,0,0,-2.0292,0.608,1]},{"frame":74,"values":[-0.8123,-0.5807,0.0544,0,0.5814,-0.8136,-0.0038,0,0.0464,0.0286,1.0001,0,0,-2.0292,0.608,1]},{"frame":75,"values":[-0.7529,-0.6556,0.058,0,0.6563,-0.7544,-0.0079,0,0.0489,0.0321,0.9998,0,0,-2.0292,0.608,1]},{"frame":76,"values":[-0.6995,-0.7121,0.0612,0,0.7128,-0.7012,-0.0118,0,0.0512,0.0353,0.9996,0,0,-2.0292,0.608,1]},{"frame":77,"values":[-0.6555,-0.7524,0.0641,0,0.7533,-0.6576,-0.0152,0,0.0535,0.0382,0.9994,0,0,-2.0292,0.608,1]},{"frame":78,"values":[-0.6233,-0.7792,0.0668,0,0.78,-0.6255,-0.0181,0,0.0558,0.0408,0.9991,0,0,-2.0292,0.608,1]},{"frame":79,"values":[-0.6036,-0.7942,0.0695,0,0.7951,-0.6061,-0.0205,0,0.0583,0.0429,0.9989,0,0,-2.0292,0.608,1]},{"frame":80,"values":[-0.597,-0.799,0.0723,0,0.7999,-0.5997,-0.0223,0,0.061,0.0445,0.9987,0,0,-2.0292,0.608,1]},{"frame":81,"values":[-0.612,-0.7872,0.0758,0,0.7882,-0.615,-0.0232,0,0.0648,0.0455,0.9984,0,0,-2.0292,0.608,1]},{"frame":82,"values":[-0.6572,-0.7494,0.0808,0,0.7504,-0.6605,-0.0229,0,0.0705,0.0455,0.998,0,0,-2.0292,0.608,1]},{"frame":83,"values":[-0.7293,-0.6786,0.0872,0,0.6797,-0.7332,-0.021,0,0.078,0.044,0.9975,0,0,-2.0292,0.608,1]},{"frame":84,"values":[-0.8192,-0.5656,0.0946,0,0.5668,-0.8237,-0.0166,0,0.0872,0.04,0.9969,0,0,-2.0292,0.608,1]},{"frame":85,"values":[-0.9089,-0.4045,0.1021,0,0.4057,-0.914,-0.0095,0,0.097,0.0328,0.9963,0,0,-2.0292,0.608,1]},{"frame":86,"values":[-0.9738,-0.2002,0.1083,0,0.2014,-0.9795,0.0005,0,0.1058,0.0223,0.9957,0,0,-2.0292,0.608,1]},{"frame":87,"values":[-0.9934,0.0253,0.1118,0,-0.0241,-0.9996,0.0122,0,0.1119,0.0095,0.9952,0,0,-2.0292,0.608,1]},{"frame":88,"values":[-0.9644,0.2397,0.1123,0,-0.2386,-0.9708,0.0238,0,0.1145,-0.0038,0.9949,0,0,-2.0292,0.608,1]},{"frame":89,"values":[-0.9024,0.4166,0.1103,0,-0.4155,-0.909,0.0337,0,0.1141,-0.0154,0.9949,0,0,-2.0292,0.608,1]},{"frame":90,"values":[-0.8316,0.545,0.1072,0,-0.544,-0.8381,0.041,0,0.112,-0.0242,0.9949,0,0,-2.0292,0.608,1]},{"frame":91,"values":[-0.7718,0.6273,0.1042,0,-0.6264,-0.7782,0.0456,0,0.1095,-0.03,0.9951,0,0,-2.0292,0.608,1]},{"frame":92,"values":[-0.7346,0.6709,0.102,0,-0.67,-0.7408,0.0479,0,0.1075,-0.0331,0.9952,0,0,-2.0292,0.608,1]},{"frame":93,"values":[-0.7242,0.6822,0.1009,0,-0.6813,-0.7304,0.0483,0,0.1065,-0.0337,0.9953,0,0,-2.0292,0.608,1]},{"frame":94,"values":[-0.7495,0.6547,0.0984,0,-0.6537,-0.7553,0.0472,0,0.1051,-0.0289,0.9956,0,0,-2.0255,0.608,1]},{"frame":95,"values":[-0.8129,0.5751,0.0919,0,-0.5735,-0.8179,0.0455,0,0.1012,-0.0157,0.9963,0,-0.0001,-2.0145,0.608,1]},{"frame":96,"values":[-0.8929,0.4428,0.0819,0,-0.4406,-0.8966,0.0443,0,0.0929,0.0035,0.9972,0,-0.0002,-1.9979,0.6079,1]},{"frame":97,"values":[-0.9577,0.2792,0.0705,0,-0.2765,-0.96,0.045,0,0.0801,0.0236,0.998,0,-0.0003,-1.979,0.6078,1]},{"frame":98,"values":[-0.9899,0.128,0.0607,0,-0.1252,-0.991,0.0473,0,0.0661,0.0392,0.9986,0,-0.0003,-1.9624,0.6078,1]},{"frame":99,"values":[-0.9981,0.0279,0.0546,0,-0.0252,-0.9985,0.0496,0,0.0559,0.0481,0.9988,0,-0.0004,-1.9515,0.6077,1]},{"frame":100,"values":[-0.9986,-0.0058,0.0527,0,0.0085,-0.9987,0.0505,0,0.0522,0.0509,0.9989,0,-0.0004,-1.9478,0.6077,1]},{"frame":101,"values":[-0.9978,0.04,0.0526,0,-0.0376,-0.9982,0.0457,0,0.0543,0.0436,0.9991,0,-0.0004,-1.9478,0.6077,1]},{"frame":102,"values":[-0.9826,0.1775,0.0537,0,-0.1761,-0.9839,0.0312,0,0.0583,0.0212,0.9996,0,-0.0004,-1.9478,0.6077,1]},{"frame":103,"values":[-0.9209,0.3853,0.0595,0,-0.3855,-0.9227,0.0092,0,0.0584,-0.0144,0.9997,0,-0.0004,-1.9478,0.6077,1]},{"frame":104,"values":[-0.7962,0.6008,0.0718,0,-0.6031,-0.7976,-0.0139,0,0.0488,-0.0543,0.9989,0,-0.0004,-1.9478,0.6077,1]},{"frame":105,"values":[-0.6471,0.7575,0.0868,0,-0.7617,-0.6472,-0.0309,0,0.0327,-0.086,0.9973,0,-0.0004,-1.9478,0.6077,1]},{"frame":106,"values":[-0.5356,0.8388,0.0982,0,-0.8443,-0.5344,-0.0399,0,0.019,-0.1041,0.9959,0,-0.0004,-1.9478,0.6077,1]},{"frame":107,"values":[-0.4964,0.8621,0.1022,0,-0.868,-0.4947,-0.0425,0,0.0139,-0.1096,0.9954,0,-0.0004,-1.9478,0.6077,1]},{"frame":121,"values":[-0.4964,0.8621,0.1022,0,-0.868,-0.4947,-0.0425,0,0.0139,-0.1096,0.9954,0,-0.0004,-1.9478,0.6077,1]}],"loopBehavior":1,"name":"anim","property":"_matrix"}},
